192,5
192,4
192,3
192,2
192,1
192,0
191,5
191,4
191,3
191,2
191,1
191,0
190,5
190,4
190,3
190,2
190,1
190,0
189,5
189,4
189,3
189,2
189,1
189,0
188,5
188,4
188,3
188,2
188,1
188,0
187,5
187,4
187,3
187,2
187,1
187,0
186,5
186,4
186,3
186,2
186,1
186,0
185,5
185,4
185,3
185,2
185,1
185,0
184,6
184,5
184,4
184,3
184,2
184,1
184,0
183,4
183,3
183,2
183,1
183,0
182,3
182,2
182,1
182,0
181,5
181,4
181,3
181,2
181,1
181,0
180,3
180,2
180,1
180,0
179,3
179,2
179,1
179,0
178,5
178,4
178,3
178,2
178,1
178,0
177,5
177,4
177,3
177,2
177,1
177,0
176,5
176,4
176,3
176,2
176,1
176,0
175,3
175,2
175,1
175,0
174,5
174,4
174,3
174,2
174,1
174,0
173,5
173,4
173,3
173,2
173,1
173,0
172,5
172,4
172,3
172,2
172,1
172,0
171,5
171,4
171,3
171,2
171,1
171,0
170,5
170,4
170,3
170,2
170,1
170,0
169,5
169,4
169,3
169,2
169,1
169,0
168,5
168,4
168,3
168,2
168,1
168,0
167,5
167,4
167,3
167,2
167,1
167,0
166,6
166,5
166,4
166,3
166,2
166,1
166,0
165,4
165,3
165,2
165,1
165,0
164,3
164,2
164,1
164,0
163,5
163,4
163,3
163,2
163,1
163,0
162,3
162,2
162,1
162,0
161,3
161,2
161,1
161,0
160,5
160,4
160,3
160,2
160,1
160,0
159,5
159,4
159,3
159,2
159,1
159,0
158,5
158,4
158,3
158,2
158,1
158,0
157,3
157,2
157,1
157,0
156,5
156,4
156,3
156,2
156,1
156,0
155,5
155,4
155,3
155,2
155,1
155,0
154,5
154,4
154,3
154,2
154,1
154,0
153,5
153,4
153,3
153,2
153,1
153,0
152,5
152,4
152,3
152,2
152,1
152,0
151,5
151,4
151,3
151,2
151,1
151,0
150,5
150,4
150,3
150,2
150,1
150,0
149,5
149,4
149,3
149,2
149,1
149,0
148,6
148,5
148,4
148,3
148,2
148,1
148,0
147,4
147,3
147,2
147,1
147,0
146,3
146,2
146,1
146,0
145,5
145,4
145,3
145,2
145,1
145,0
144,3
144,2
144,1
144,0
143,3
143,2
143,1
143,0
142,5
142,4
142,3
142,2
142,1
142,0
141,5
141,4
141,3
141,2
141,1
141,0
140,5
140,4
140,3
140,2
140,1
140,0
139,3
139,2
139,1
139,0
138,5
138,4
138,3
138,2
138,1
138,0
137,5
137,4
137,3
137,2
137,1
137,0
136,5
136,4
136,3
136,2
136,1
136,0
135,5
135,4
135,3
135,2
135,1
135,0
134,5
134,4
134,3
134,2
134,1
134,0
133,5
133,4
133,3
133,2
133,1
133,0
132,5
132,4
132,3
132,2
132,1
132,0
131,5
131,4
131,3
131,2
131,1
131,0
130,6
130,5
130,4
130,3
130,2
130,1
130,0
129,4
129,3
129,2
129,1
129,0
128,3
128,2
128,1
128,0
127,5
127,4
127,3
127,2
127,1
127,0
126,3
126,2
126,1
126,0
125,3
125,2
125,1
125,0
124,5
124,4
124,3
124,2
124,1
124,0
123,5
123,4
123,3
123,2
123,1
123,0
122,5
122,4
122,3
122,2
122,1
122,0
121,3
121,2
121,1
121,0
120,7
120,6
120,3
120,2
120,1
120,0
119,4
119,3
119,2
119,1
119,0
118,4
118,3
118,2
118,1
118,0
117,5
117,4
117,3
117,2
117,1
117,0
116,5
116,4
116,3
116,2
116,1
116,0
115,5
115,4
115,3
115,2
115,1
115,0
114,5
114,4
114,3
114,2
114,1
114,0
113,5
113,4
113,3
113,2
113,1
113,0
112,5
112,4
112,3
112,2
112,1
112,0
111,4
111,3
111,2
111,1
111,0
110,3
110,2
110,1
110,0
109,5
109,4
109,3
109,2
109,1
109,0
108,5
108,4
108,3
108,2
108,1
108,0
107,5
107,4
107,3
107,2
107,1
107,0
106,6
106,5
106,4
106,3
106,2
106,1
106,0
105,4
105,3
105,2
105,1
105,0
104,3
104,2
104,1
104,0
103,3
103,2
103,1
103,0
102,3
102,2
102,1
102,0
101,3
101,2
101,1
101,0
100,6
100,5
100,4
100,3
100,2
100,1
100,0
99,4
99,3
99,2
99,1
99,0
98,3
98,2
98,1
98,0
97,5
97,4
97,3
97,2
97,1
97,0
96,5
96,4
96,3
96,2
96,1
96,0
95,4
95,3
95,2
95,1
95,0
94,5
94,4
94,3
94,2
94,1
94,0
93,5
93,4
93,3
93,2
93,1
93,0
92,5
92,4
92,3
92,2
92,1
92,0
91,5
91,4
91,3
91,2
91,1
91,0
90,6
90,5
90,4
90,3
90,2
90,1
90,0
89,4
89,3
89,2
89,1
89,0
88,3
88,2
88,1
88,0
87,5
87,4
87,3
87,2
87,1
87,0
86,4
86,3
86,2
86,1
86,0
85,3
85,2
85,1
85,0
84,3
84,2
84,1
84,0
83,5
83,4
83,3
83,2
83,1
83,0
82,5
82,4
82,3
82,2
82,1
82,0
81,3
81,2
81,1
81,0
80,3
80,2
80,1
80,0
79,5
79,4
79,3
79,2
79,1
79,0
78,5
78,4
78,3
78,2
78,1
78,0
77,4
77,3
77,2
77,1
77,0
76,5
76,4
76,3
76,2
76,1
76,0
75,5
75,4
75,3
75,2
75,1
75,0
74,5
74,4
74,3
74,2
74,1
74,0
73,5
73,4
73,3
73,2
73,1
73,0
72,6
72,5
72,4
72,3
72,2
72,1
72,0
71,4
71,3
71,2
71,1
71,0
70,3
70,2
70,1
70,0
69,5
69,4
69,3
69,2
69,1
69,0
68,4
68,3
68,2
68,1
68,0
67,3
67,2
67,1
67,0
66,3
66,2
66,1
66,0
65,5
65,4
65,3
65,2
65,1
65,0
64,5
64,4
64,3
64,2
64,1
64,0
63,3
63,2
63,1
63,0
62,3
62,2
62,1
62,0
61,5
61,4
61,3
61,2
61,1
61,0
60,5
60,4
60,3
60,2
60,1
60,0
59,4
59,3
59,2
59,1
59,0
58,5
58,4
58,3
58,2
58,1
58,0
57,5
57,4
57,3
57,2
57,1
57,0
56,5
56,4
56,3
56,2
56,1
56,0
55,5
55,4
55,3
55,2
55,1
55,0
54,6
54,5
54,4
54,3
54,2
54,1
54,0
53,4
53,3
53,2
53,1
53,0
52,3
52,2
52,1
52,0
51,5
51,4
51,3
51,2
51,1
51,0
50,4
50,3
50,2
50,1
50,0
49,3
49,2
49,1
49,0
48,3
48,2
48,1
48,0
47,5
47,4
47,3
47,2
47,1
47,0
46,5
46,4
46,3
46,2
46,1
46,0
45,3
45,2
45,1
45,0
44,3
44,2
44,1
44,0
43,5
43,4
43,3
43,2
43,1
43,0
41,4
41,3
41,2
41,1
41,0
40,5
40,4
40,3
40,2
40,1
40,0
38,5
38,4
38,3
38,2
38,1
38,0
36,6
36,5
36,4
36,3
36,2
36,1
36,0
35,4
35,3
35,2
35,1
35,0
34,3
34,2
34,1
34,0
31,3
31,2
31,1
31,0
30,3
30,2
30,1
30,0
27,3
27,2
27,1
27,0
26,3
26,2
26,1
26,0
7,3
5,3
4,3
3,2
2,2
1,2
0,9
1,45
3,44
2,44
1,44
3,43
2,43
1,43
3,42
2,42
1,42
3,41
2,41
1,41
3,40
2,40
1,40
3,39
2,39
1,39
3,38
2,38
1,38
3,37
2,37
1,37
3,36
2,36
1,36
3,35
2,35
1,35
3,34
2,34
1,34
3,33
2,33
1,33
3,32
2,32
1,32
3,31
2,31
1,31
3,30
2,30
1,30
3,29
2,29
1,29
3,28
2,28
1,28
3,27
2,27
1,27
3,26
2,26
1,26
3,25
2,25
1,25
3,24
2,24
1,24
3,23
2,23
1,23
3,22
2,22
1,22
3,21
2,21
1,21
3,20
2,20
1,20
3,19
2,19
1,19
3,18
2,18
1,18
3,17
2,17
1,17
3,16
2,16
1,16
3,15
2,15
1,15
3,14
2,14
1,14
3,13
2,13
1,13
3,12
2,12
1,12
3,11
2,11
1,11
3,10
2,10
1,10
3,9
2,9
1,9
3,8
2,46
2,8
1,8
3,7
2,7
1,7
3,6
2,6
1,6
3,5
2,5
1,5
3,4
2,4
1,4
3,3
3,0
2,3
2,0
1,3
1,0
0,6
0,0
0,47
0,46
0,49
0,48
0,45
0,12
0,10
0,8
0,11
0,5
0,7
0,4
0,3
